MQ	Gamma/MQ(%)	kappaSinglet	BRsinglet(Wt)(%)	BRsinglet(Zb)(%)	BRsinglet(Hb)(%)	kappaDoublet1	BRdoublet1(Zb)(%)	BRdoublet1(Hb)(%)	kappaDoublet2	BRdoublet2(Wt)(%)
700	1	0.18602269007347919	0.4613078764552554	0.27793900704859353	0.2607531164961511	0.2534519328961706	0.5159514960413328	0.48404850395866716	0.2738864112517675	100
700	10	0.5882553971037894	0.46130787645525534	0.27793900704859353	0.2607531164961511	0.8014853853240554	0.5159514960413328	0.48404850395866705	0.8661048797251538	100
700	20	0.8319187607233497	0.46130787645525534	0.27793900704859364	0.26075311649615107	1.133471501969105	0.5159514960413331	0.484048503958667	1.2248572673448308	100
700	30	1.018888235610369	0.46130787645525534	0.27793900704859353	0.26075311649615107	1.388213408905183	0.5159514960413328	0.48404850395866705	1.500137656367298	100
800	1	0.16073765989229347	0.4706294477488017	0.2711462907651947	0.25822426148600347	0.22092138231262973	0.5122050888779505	0.4877949111220494	0.23430313113498702	100
800	10	0.5082971110251425	0.4706294477488018	0.2711462907651947	0.25822426148600347	0.6986147519407467	0.5122050888779506	0.48779491112204953	0.7409315572956717	100
800	20	0.7188406681268195	0.4706294477488018	0.27114629076519475	0.2582242614860035	0.9879904570685195	0.5122050888779505	0.4877949111220495	1.0478354571177568	100
800	30	0.8803964216360254	0.4706294477488018	0.2711462907651947	0.2582242614860036	1.2100362452785014	0.5122050888779504	0.48779491112204953	1.2833311021672342	100
900	1	0.14165406576369624	0.4769301774019652	0.26657699596921053	0.25649282662882417	0.19586156108200467	0.5096394103661911	0.490360589633809	0.20511699372746975	100
900	10	0.4479494876365591	0.47693017740196536	0.2665769959692106	0.2564928266288241	0.6193686390953278	0.509639410366191	0.49036058963380885	0.6486368869852752	100
900	20	0.6334962406737009	0.4769301774019653	0.26657699596921053	0.25649282662882417	0.8759195295171793	0.509639410366191	0.490360589633809	0.9173110826300407	100
900	30	0.7758712718109672	0.47693017740196525	0.26657699596921053	0.2564928266288241	1.072777951527899	0.5096394103661911	0.49036058963380896	1.1234720439218087	100
1000	1	0.12670730271040828	0.4813923276425382	0.2633518676685528	0.25525580468890896	0.17594712597150422	0.5078055757860669	0.4921944242139331	0.18262156651445915	100
1000	10	0.4006836727413165	0.48139232764253814	0.26335186766855284	0.25525580468890907	0.5563936658305195	0.5078055757860668	0.4921944242139332	0.5775001000536278	100
1000	20	0.5666522842122327	0.4813923276425382	0.26335186766855284	0.25525580468890907	0.7868594682360043	0.5078055757860668	0.4921944242139331	0.81670847376766	100
1000	30	0.694004478951261	0.48139232764253814	0.26335186766855284	0.25525580468890907	0.9637020982279594	0.5078055757860669	0.4921944242139332	1.0002595146689937	100
1100	1	0.11466606443435438	0.4846698948303009	0.26098865929746357	0.25434144587223556	0.15973208101386724	0.5064494712792289	0.493550528720771	0.16470693467129546	100
1100	10	0.3626059339401868	0.48466989483030093	0.2609886592974635	0.25434144587223556	0.5051171914023581	0.5064494712792289	0.4935505287207711	0.5208490599858504	100
1100	20	0.5128022295751747	0.4846698948303009	0.2609886592974635	0.25434144587223556	0.7143435826690213	0.5064494712792289	0.4935505287207711	0.7365918045812673	100
1100	30	0.6280519007103674	0.48466989483030093	0.26098865929746357	0.2543414458722355	0.8748886392853775	0.506449471279229	0.49355052872077104	0.9021370349699827	100
1200	1	0.10474799475805908	0.48714916997181296	0.25920427131742263	0.25364655871076447	0.14626829076940417	0.5054184494605896	0.4945815505394106	0.15007720549419432	100
1200	10	0.33124224377084477	0.4871491699718129	0.2592042713174226	0.25364655871076447	0.4625409482910996	0.5054184494605894	0.49458155053941055	0.4745857942347898	100
1200	20	0.46844727357162347	0.4871491699718129	0.25920427131742263	0.25364655871076447	0.6541316822261856	0.5054184494605894	0.49458155053941055	0.6711656667164467	100
1200	30	0.5737283958242185	0.48714916997181296	0.25920427131742263	0.25364655871076447	0.8011444230212734	0.5054184494605894	0.4945815505394106	0.8220067081650847	100
1300	1	0.09643090831860213	0.48907052483053476	0.257823347667161	0.2531061275023044	0.13490740197181875	0.5046163124208992	0.4953836875791009	0.1378892828028202	100
1300	10	0.30494130712566064	0.4890705248305348	0.257823347667161	0.2531061275023044	0.426614663446838	0.5046163124208992	0.4953836875791009	0.4360441985839982	100
1300	20	0.4312521322648886	0.4890705248305348	0.257823347667161	0.2531061275023043	0.6033242429537518	0.5046163124208992	0.4953836875791008	0.6166596194315974	100
1300	30	0.5281738372681095	0.4890705248305348	0.2578233476671608	0.25310612750230427	0.7389182723438206	0.5046163124208991	0.49538368757910095	0.7552507062931381	100
1400	1	0.08935227659895761	0.4905900218586443	0.256732435460749	0.2526775426806067	0.12519065122414016	0.5039799895507907	0.4960200104492093	0.1275693277462226	100
1400	10	0.2825567081740695	0.49059002185864425	0.256732435460749	0.25267754268060666	0.39588759962802966	0.5039799895507908	0.4960200104492092	0.4034096352545779	100
1400	20	0.39959552883926586	0.49059002185864425	0.256732435460749	0.25267754268060666	0.5598696125692894	0.5039799895507908	0.4960200104492092	0.5705073773690076	100
1400	30	0.4894025745769007	0.49059002185864425	0.25673243546074903	0.25267754268060655	0.6856974366422331	0.5039799895507909	0.49602001044920907	0.6987259845237579	100
1500	1	0.08325217507404413	0.491812628953018	0.2558554347754726	0.25233193627150946	0.11678408294096128	0.503466731667007	0.49653326833299305	0.11871230854175392	100
1500	10	0.26326649339707653	0.49181262895301797	0.2558554347754725	0.2523319362715095	0.36930369654745293	0.5034667316670067	0.4965332683329931	0.37540128128860434	100
1500	20	0.3723150454805525	0.49181262895301797	0.2558554347754725	0.2523319362715095	0.5222742962919259	0.5034667316670067	0.4965332683329931	0.5308975833305815	100
1500	30	0.4559909424942329	0.4918126289530179	0.2558554347754726	0.25233193627150946	0.6396527658431875	0.503466731667007	0.4965332683329931	0.6502140924183184	100
1600	1	0.0779391724772908	0.4928110886683533	0.2551397235451564	0.2520491877864903	0.10943869743694687	0.5030467304091405	0.49695326959085934	0.11102366371926257	100
1600	10	0.24646530397694688	0.4928110886683533	0.2551397235451564	0.25204918778649027	0.34607554806278357	0.5030467304091407	0.4969532695908594	0.3510876515294707	100
1600	20	0.34855457553860586	0.4928110886683533	0.2551397235451564	0.2520491877864903	0.4894247336760904	0.5030467304091405	0.49695326959085934	0.4965129183746966	100
1600	30	0.42689042879097966	0.49281108866835327	0.25513972354515635	0.2520491877864903	0.5994204325019861	0.5030467304091405	0.49695326959085945	0.6081016503590803	100
1700	1	0.07326903978953105	0.49363711909926816	0.25454795497448807	0.25181492592624366	0.10296498699865456	0.5026986862103546	0.4973013137896454	0.10428373935477359	100
1700	10	0.23169704770842214	0.4936371190992681	0.2545479549744881	0.25181492592624377	0.3256038781653729	0.5026986862103545	0.4973013137896455	0.32977413928042254	100
1700	20	0.3276691072310566	0.49363711909926816	0.2545479549744881	0.25181492592624366	0.46047342046274736	0.5026986862103546	0.49730131378964537	0.4663710602902876	100
1700	30	0.40131105859469723	0.4936371190992682	0.25454795497448807	0.25181492592624377	0.5639624601238926	0.5026986862103545	0.49730131378964565	0.5711855642559872	100
1800	1	0.0691309704650972	0.4943283162459741	0.2540530196002858	0.2516186641537401	0.09721613167519666	0.5024070513781526	0.4975929486218475	0.09832521603843415	100
1800	10	0.2186113235275369	0.4943283162459741	0.25405301960028587	0.2516186641537401	0.3074244014044619	0.5024070513781526	0.4975929486218474	0.31093163410957	100
1800	20	0.30916309862097524	0.4943283162459741	0.2540530196002858	0.25161866415374007	0.4347637578706205	0.5024070513781526	0.49759294862184733	0.4397237339285827	100
1800	30	0.3786459194595714	0.494328316245974	0.2540530196002858	0.2516186641537402	0.532474682718977	0.5024070513781526	0.4975929486218475	0.5385493879581914	100
1900	1	0.06543838169593338	0.49491254700140164	0.25363484764991684	0.25145260534868163	0.0920765970818641	0.5021602618400831	0.497839738159917	0.09301828295785973	100
1900	10	0.20693433255462157	0.4949125470014016	0.2536348476499169	0.2514526053486815	0.2911717659763038	0.5021602618400832	0.4978397381599168	0.2941496381848609	100
1900	20	0.29264933961937006	0.49491254700140164	0.25363484764991695	0.2514526053486816	0.41177906042381374	0.5021602618400832	0.49783973815991683	0.41599040768816914	100
1900	30	0.3584207778149589	0.4949125470014015	0.2536348476499168	0.2514526053486816	0.5043242924005131	0.502160261840083	0.49783973815991694	0.5094821183641814	100
2000	1	0.062122607351889784	0.4954108248611113	0.2532783205632412	0.25131085457564767	0.08745420788416927	0.5019495721316772	0.49805042786832276	0.08826061094591095	100
2000	10	0.19644893342029296	0.49541082486111127	0.2532783205632411	0.2513108545756476	0.27655448787982984	0.5019495721316771	0.4980504278683228	0.27910455826706687	100
2000	20	0.27782074595670747	0.49541082486111127	0.2532783205632411	0.2513108545756476	0.3911071074948011	0.5019495721316772	0.4980504278683228	0.3947134516214377	100
2000	30	0.34025953377666307	0.49541082486111127	0.2532783205632412	0.2513108545756476	0.4790064240690566	0.5019495721316772	0.49805042786832276	0.483423275542628	100