MQ	G/MQ=1%(singlet)	G/MQ=1%(doublet)	G/MQ=2%(singlet)	G/MQ=2%(doublet)	G/MQ=3%(singlet)	G/MQ=3%(doublet)	G/MQ=4%(singlet)	G/MQ=4%(doublet)	G/MQ=5%(singlet)	G/MQ=5%(doublet)
700	0.18602269007347919	0.2534519328961706	0.2630758112110412	0.35843516091144006	0.3222007505679046	0.43899162505270517	0.37204538014695837	0.5069038657923411	0.41595938036167485	0.5667357509845525
700	0.18602269007347919	0.2534519328961706	0.2630758112110412	0.35843516091144006	0.3222007505679046	0.43899162505270517	0.37204538014695837	0.5069038657923411	0.41595938036167485	0.5667357509845525
700	0.18602269007347919	0.2534519328961706	0.2630758112110412	0.35843516091144006	0.3222007505679046	0.43899162505270517	0.37204538014695837	0.5069038657923411	0.41595938036167485	0.5667357509845525
700	0.18602269007347919	0.2534519328961706	0.2630758112110412	0.35843516091144006	0.3222007505679046	0.43899162505270517	0.37204538014695837	0.5069038657923411	0.41595938036167485	0.5667357509845525
800	0.16073765989229347	0.22092138231262973	0.2273173786037953	0.31243001508473256	0.27840579362317847	0.38264705864382303	0.32147531978458693	0.44184276462525945	0.35942033406340973	0.49399522853425976
800	0.16073765989229347	0.22092138231262973	0.2273173786037953	0.31243001508473256	0.27840579362317847	0.38264705864382303	0.32147531978458693	0.44184276462525945	0.35942033406340973	0.49399522853425976
800	0.16073765989229347	0.22092138231262973	0.2273173786037953	0.31243001508473256	0.27840579362317847	0.38264705864382303	0.32147531978458693	0.44184276462525945	0.35942033406340973	0.49399522853425976
800	0.16073765989229347	0.22092138231262973	0.2273173786037953	0.31243001508473256	0.27840579362317847	0.38264705864382303	0.32147531978458693	0.44184276462525945	0.35942033406340973	0.49399522853425976
900	0.14165406576369624	0.19586156108200467	0.20032910096830955	0.2769900760297374	0.24535203900142497	0.3392421750437871	0.2833081315273925	0.39172312216400934	0.31674812033685046	0.43795976475858966
900	0.14165406576369624	0.19586156108200467	0.20032910096830955	0.2769900760297374	0.24535203900142497	0.3392421750437871	0.2833081315273925	0.39172312216400934	0.31674812033685046	0.43795976475858966
900	0.14165406576369624	0.19586156108200467	0.20032910096830955	0.2769900760297374	0.24535203900142497	0.3392421750437871	0.2833081315273925	0.39172312216400934	0.31674812033685046	0.43795976475858966
900	0.14165406576369624	0.19586156108200467	0.20032910096830955	0.2769900760297374	0.24535203900142497	0.3392421750437871	0.2833081315273925	0.39172312216400934	0.31674812033685046	0.43795976475858966
1000	0.12670730271040828	0.17594712597150422	0.17919118594477265	0.24882681180946867	0.2194634859844369	0.30474936162836685	0.25341460542081656	0.35189425194300844	0.28332614210611634	0.39342973411800214
1000	0.12670730271040828	0.17594712597150422	0.17919118594477265	0.24882681180946867	0.2194634859844369	0.30474936162836685	0.25341460542081656	0.35189425194300844	0.28332614210611634	0.39342973411800214
1000	0.12670730271040828	0.17594712597150422	0.17919118594477265	0.24882681180946867	0.2194634859844369	0.30474936162836685	0.25341460542081656	0.35189425194300844	0.28332614210611634	0.39342973411800214
1000	0.12670730271040828	0.17594712597150422	0.17919118594477265	0.24882681180946867	0.2194634859844369	0.30474936162836685	0.25341460542081656	0.35189425194300844	0.28332614210611634	0.39342973411800214
1100	0.11466606443435438	0.15973208101386724	0.16216230346701116	0.225895275315889	0.19860744950426842	0.27666407991472614	0.22933212886870877	0.3194641620277345	0.25640111478758737	0.35717179133451066
1100	0.11466606443435438	0.15973208101386724	0.16216230346701116	0.225895275315889	0.19860744950426842	0.27666407991472614	0.22933212886870877	0.3194641620277345	0.25640111478758737	0.35717179133451066
1100	0.11466606443435438	0.15973208101386724	0.16216230346701116	0.225895275315889	0.19860744950426842	0.27666407991472614	0.22933212886870877	0.3194641620277345	0.25640111478758737	0.35717179133451066
1100	0.11466606443435438	0.15973208101386724	0.16216230346701116	0.225895275315889	0.19860744950426842	0.27666407991472614	0.22933212886870877	0.3194641620277345	0.25640111478758737	0.35717179133451066
1200	0.10474799475805908	0.14626829076940417	0.148136034818233	0.20685460055122276	0.18142884891191674	0.25334411114886585	0.20949598951611817	0.29253658153880835	0.23422363678581173	0.3270658411130928
1200	0.10474799475805908	0.14626829076940417	0.148136034818233	0.20685460055122276	0.18142884891191674	0.25334411114886585	0.20949598951611817	0.29253658153880835	0.23422363678581173	0.3270658411130928
1200	0.10474799475805908	0.14626829076940417	0.148136034818233	0.20685460055122276	0.18142884891191674	0.25334411114886585	0.20949598951611817	0.29253658153880835	0.23422363678581173	0.3270658411130928
1200	0.10474799475805908	0.14626829076940417	0.148136034818233	0.20685460055122276	0.18142884891191674	0.25334411114886585	0.20949598951611817	0.29253658153880835	0.23422363678581173	0.3270658411130928
1300	0.09643090831860213	0.13490740197181875	0.13637389837612363	0.19078787753306486	0.16702323262783517	0.2336664745323078	0.19286181663720425	0.2698148039436375	0.2156260661324443	0.3016621214768759
1300	0.09643090831860213	0.13490740197181875	0.13637389837612363	0.19078787753306486	0.16702323262783517	0.2336664745323078	0.19286181663720425	0.2698148039436375	0.2156260661324443	0.3016621214768759
1300	0.09643090831860213	0.13490740197181875	0.13637389837612363	0.19078787753306486	0.16702323262783517	0.2336664745323078	0.19286181663720425	0.2698148039436375	0.2156260661324443	0.3016621214768759
1300	0.09643090831860213	0.13490740197181875	0.13637389837612363	0.19078787753306486	0.16702323262783517	0.2336664745323078	0.19286181663720425	0.2698148039436375	0.2156260661324443	0.3016621214768759
1400	0.08935227659895761	0.12519065122414016	0.12636320139515797	0.17704631684349895	0.15476268284134223	0.21683656855284567	0.17870455319791523	0.25038130244828033	0.19979776441963293	0.2799348062846447
1400	0.08935227659895761	0.12519065122414016	0.12636320139515797	0.17704631684349895	0.15476268284134223	0.21683656855284567	0.17870455319791523	0.25038130244828033	0.19979776441963293	0.2799348062846447
1400	0.08935227659895761	0.12519065122414016	0.12636320139515797	0.17704631684349895	0.15476268284134223	0.21683656855284567	0.17870455319791523	0.25038130244828033	0.19979776441963293	0.2799348062846447
1400	0.08935227659895761	0.12519065122414016	0.12636320139515797	0.17704631684349895	0.15476268284134223	0.21683656855284567	0.17870455319791523	0.25038130244828033	0.19979776441963293	0.2799348062846447
1500	0.08325217507404413	0.11678408294096128	0.11773635508677252	0.16515763396441183	0.14419699706886369	0.2022759651690827	0.16650435014808826	0.23356816588192256	0.18615752274027625	0.26113714814596295
1500	0.08325217507404413	0.11678408294096128	0.11773635508677252	0.16515763396441183	0.14419699706886369	0.2022759651690827	0.16650435014808826	0.23356816588192256	0.18615752274027625	0.26113714814596295
1500	0.08325217507404413	0.11678408294096128	0.11773635508677252	0.16515763396441183	0.14419699706886369	0.2022759651690827	0.16650435014808826	0.23356816588192256	0.18615752274027625	0.26113714814596295
1500	0.08325217507404413	0.11678408294096128	0.11773635508677252	0.16515763396441183	0.14419699706886369	0.2022759651690827	0.16650435014808826	0.23356816588192256	0.18615752274027625	0.26113714814596295
1600	0.0779391724772908	0.10943869743694687	0.11022263475752052	0.15476969016377592	0.13499460663054155	0.18955338427494986	0.1558783449545816	0.21887739487389374	0.17427728776930293	0.2447123668380452
1600	0.0779391724772908	0.10943869743694687	0.11022263475752052	0.15476969016377592	0.13499460663054155	0.18955338427494986	0.1558783449545816	0.21887739487389374	0.17427728776930293	0.2447123668380452
1600	0.0779391724772908	0.10943869743694687	0.11022263475752052	0.15476969016377592	0.13499460663054155	0.18955338427494986	0.1558783449545816	0.21887739487389374	0.17427728776930293	0.2447123668380452
1600	0.0779391724772908	0.10943869743694687	0.11022263475752052	0.15476969016377592	0.13499460663054155	0.18955338427494986	0.1558783449545816	0.21887739487389374	0.17427728776930293	0.2447123668380452
1700	0.07326903978953105	0.10296498699865456	0.10361806977240874	0.14561448106306668	0.12690569953725345	0.17834058888233859	0.1465380795790621	0.2059299739973091	0.1638345536155283	0.23023671023137368
1700	0.07326903978953105	0.10296498699865456	0.10361806977240874	0.14561448106306668	0.12690569953725345	0.17834058888233859	0.1465380795790621	0.2059299739973091	0.1638345536155283	0.23023671023137368
1700	0.07326903978953105	0.10296498699865456	0.10361806977240874	0.14561448106306668	0.12690569953725345	0.17834058888233859	0.1465380795790621	0.2059299739973091	0.1638345536155283	0.23023671023137368
1700	0.07326903978953105	0.10296498699865456	0.10361806977240874	0.14561448106306668	0.12690569953725345	0.17834058888233859	0.1465380795790621	0.2059299739973091	0.1638345536155283	0.23023671023137368
1800	0.0691309704650972	0.09721613167519666	0.09776595601175433	0.13748437189651178	0.11973835322209182	0.1683832793767467	0.1382619409301944	0.19443226335039332	0.15458154931048762	0.21738187893531025
1800	0.0691309704650972	0.09721613167519666	0.09776595601175433	0.13748437189651178	0.11973835322209182	0.1683832793767467	0.1382619409301944	0.19443226335039332	0.15458154931048762	0.21738187893531025
1800	0.0691309704650972	0.09721613167519666	0.09776595601175433	0.13748437189651178	0.11973835322209182	0.1683832793767467	0.1382619409301944	0.19443226335039332	0.15458154931048762	0.21738187893531025
1800	0.0691309704650972	0.09721613167519666	0.09776595601175433	0.13748437189651178	0.11973835322209182	0.1683832793767467	0.1382619409301944	0.19443226335039332	0.15458154931048762	0.21738187893531025
1900	0.06543838169593338	0.0920765970818641	0.0925438468941363	0.13021597237033514	0.11334260186244188	0.15948134433383682	0.13087676339186677	0.1841531941637282	0.14632466980968503	0.20588953021190687
1900	0.06543838169593338	0.0920765970818641	0.0925438468941363	0.13021597237033514	0.11334260186244188	0.15948134433383682	0.13087676339186677	0.1841531941637282	0.14632466980968503	0.20588953021190687
1900	0.06543838169593338	0.0920765970818641	0.0925438468941363	0.13021597237033514	0.11334260186244188	0.15948134433383682	0.13087676339186677	0.1841531941637282	0.14632466980968503	0.20588953021190687
1900	0.06543838169593338	0.0920765970818641	0.0925438468941363	0.13021597237033514	0.11334260186244188	0.15948134433383682	0.13087676339186677	0.1841531941637282	0.14632466980968503	0.20588953021190687
2000	0.062122607351889784	0.08745420788416927	0.08785463384702108	0.12367892687638825	0.10759951223212497	0.15147513139107188	0.12424521470377957	0.17490841576833854	0.13891037297835374	0.19555355374740055
2000	0.062122607351889784	0.08745420788416927	0.08785463384702108	0.12367892687638825	0.10759951223212497	0.15147513139107188	0.12424521470377957	0.17490841576833854	0.13891037297835374	0.19555355374740055
2000	0.062122607351889784	0.08745420788416927	0.08785463384702108	0.12367892687638825	0.10759951223212497	0.15147513139107188	0.12424521470377957	0.17490841576833854	0.13891037297835374	0.19555355374740055
2000	0.062122607351889784	0.08745420788416927	0.08785463384702108	0.12367892687638825	0.10759951223212497	0.15147513139107188	0.12424521470377957	0.17490841576833854	0.13891037297835374	0.19555355374740055